0 0.116042 0.955625 0.053750 0.088750
0 0.170417 0.934375 0.042500 0.131250
0 0.276667 0.882500 0.050000 0.201250
0 0.138333 0.780937 0.060000 0.220625
0 0.100417 0.864688 0.046667 0.220625
0 0.193958 0.881563 0.062917 0.199375
0 0.206458 0.785000 0.043750 0.180000
0 0.233958 0.759375 0.039583 0.193750
0 0.262917 0.806875 0.046667 0.202500
0 0.338125 0.776250 0.057083 0.193750
0 0.306250 0.769375 0.033333 0.195000
0 0.282500 0.652813 0.050833 0.169375
0 0.440417 0.649062 0.045833 0.185625
0 0.518542 0.654375 0.047917 0.166250
0 0.531458 0.900000 0.052917 0.200000
0 0.591250 0.912813 0.059167 0.174375
0 0.595833 0.819063 0.055833 0.126875
0 0.778333 0.888437 0.059167 0.223125
0 0.834792 0.780000 0.053750 0.207500
0 0.703542 0.926562 0.072083 0.143125
0 0.658750 0.851875 0.050000 0.213750
0 0.594375 0.826562 0.048750 0.126875
0 0.576458 0.710313 0.035417 0.170625
0 0.605000 0.707187 0.041667 0.183125
0 0.632500 0.680312 0.037500 0.141875
0 0.660833 0.707812 0.041667 0.093125
0 0.677292 0.792500 0.043750 0.161250
0 0.699375 0.720625 0.039583 0.158750
0 0.756458 0.763437 0.047917 0.170625
0 0.736042 0.651250 0.037917 0.098750
0 0.767500 0.685625 0.037500 0.112500
0 0.825000 0.641563 0.028333 0.100625
0 0.838333 0.782500 0.050833 0.202500
0 0.882917 0.687187 0.030833 0.168125
0 0.799167 0.665000 0.037500 0.160000
0 0.656458 0.566250 0.030417 0.090000
0 0.120208 0.492812 0.031250 0.150625
0 0.165833 0.515625 0.027500 0.117500
0 0.211667 0.502812 0.037500 0.119375
0 0.159375 0.435000 0.026250 0.062500
0 0.068542 0.332500 0.029583 0.090000
0 0.116667 0.314375 0.034167 0.111250
0 0.189375 0.351875 0.025417 0.118750
0 0.233958 0.327500 0.029583 0.103750
0 0.456042 0.406875 0.028750 0.125000
0 0.518542 0.411250 0.033750 0.116250
0 0.553542 0.428750 0.030417 0.130000
0 0.583125 0.469062 0.030417 0.155625
0 0.619583 0.389375 0.028333 0.117500
0 0.623333 0.544063 0.037500 0.134375
0 0.653125 0.432500 0.034583 0.076250
0 0.681250 0.426563 0.031667 0.079375
0 0.723333 0.495937 0.028333 0.099375
0 0.756042 0.552188 0.034583 0.065625
0 0.829167 0.532500 0.028333 0.068750
0 0.902292 0.474687 0.028750 0.141875
0 0.384792 0.326562 0.030417 0.101875
0 0.149167 0.292500 0.022500 0.103750
0 0.362708 0.312812 0.026250 0.071875
0 0.428333 0.258750 0.023333 0.063750
0 0.035833 0.239063 0.021667 0.070625
0 0.533750 0.273438 0.023333 0.086875
0 0.323958 0.215625 0.022083 0.056250
0 0.343958 0.226875 0.021250 0.048750
0 0.200625 0.196250 0.021250 0.057500
0 0.166042 0.197813 0.021250 0.045625
0 0.662917 0.323750 0.027500 0.083750
