0 0.915882 0.876589 0.062353 0.246822
0 0.697882 0.763948 0.058353 0.187500
0 0.637529 0.714160 0.050118 0.170551
0 0.544941 0.835452 0.047059 0.253531
0 0.426824 0.871999 0.048000 0.256003
0 0.476471 0.833863 0.051294 0.213630
0 0.334706 0.831568 0.050118 0.239407
0 0.234471 0.790078 0.060471 0.199506
0 0.190000 0.659605 0.030824 0.088983
0 0.245294 0.624294 0.026588 0.095339
0 0.316824 0.643538 0.032706 0.090749
0 0.364353 0.647246 0.031765 0.098164
0 0.384941 0.704979 0.041882 0.090749
0 0.564000 0.665784 0.023529 0.101342
0 0.585412 0.690325 0.021647 0.120056
0 0.574118 0.597458 0.021647 0.047316
0 0.482588 0.628178 0.030588 0.087571
0 0.281647 0.580508 0.017412 0.062853
0 0.443176 0.569915 0.013412 0.062853
0 0.399294 0.612818 0.023529 0.072387
0 0.281059 0.740290 0.034588 0.164195
0 0.320471 0.695798 0.040000 0.084393
0 0.506118 0.644244 0.026824 0.098517
0 0.421294 0.586688 0.020471 0.068856
